0 0.162491 0.448069 0.038114 0.084167
0 0.021363 0.197610 0.042726 0.037074
0 0.654793 0.580441 0.051624 0.070035
0 0.364410 0.771671 0.019733 0.088130
0 0.364509 0.771508 0.019581 0.086752
0 0.303815 0.608247 0.031958 0.099950
0 0.026038 0.987880 0.014668 0.024240
0 0.790414 0.452546 0.041318 0.056664
0 0.907573 0.307322 0.039393 0.082051
0 0.002484 0.510417 0.004782 0.048517
0 0.944809 0.670754 0.035036 0.076043
0 0.972766 0.276542 0.035036 0.076043
0 0.965239 0.454319 0.035036 0.076043
0 0.588895 0.050974 0.035036 0.076043
0 0.483519 0.605335 0.035036 0.076043
0 0.082444 0.859576 0.035036 0.076043
