0 0.167827 0.244583 0.052851 0.077467
0 0.705908 0.235182 0.036060 0.093652
0 0.649066 0.561963 0.039677 0.064972
0 0.514314 0.365056 0.026737 0.073366
0 0.909630 0.672694 0.039559 0.064602
0 0.745556 0.922269 0.047380 0.044681
0 0.748699 0.274897 0.035968 0.058536
0 0.602098 0.930250 0.041561 0.087113
0 0.464041 0.386844 0.029173 0.027273
0 0.964670 0.868721 0.022904 0.058476
0 0.466933 0.018553 0.039514 0.037106
0 0.699648 0.403752 0.044442 0.049170
0 0.716586 0.167929 0.025007 0.058364
0 0.756251 0.049095 0.029758 0.024116
0 0.411660 0.276200 0.025358 0.050755
0 0.227744 0.510969 0.030075 0.036066
0 0.421384 0.129918 0.021199 0.055035
0 0.762014 0.779714 0.035968 0.058364
0 0.101799 0.448585 0.035968 0.058364
0 0.508250 0.800317 0.035968 0.058364
0 0.482444 0.978095 0.035968 0.058364
0 0.684594 0.092604 0.035968 0.058364
0 0.616852 0.222592 0.035968 0.058364
0 0.592121 0.218769 0.035968 0.058364
