0 0.710527 0.299492 0.026628 0.088250
0 0.848638 0.312350 0.027522 0.094843
0 0.662323 0.397645 0.053408 0.044729
0 0.827368 0.857977 0.045605 0.089028
0 0.416237 0.268590 0.050595 0.057811
0 0.823619 0.045048 0.058379 0.066003
0 0.826797 0.858276 0.046527 0.090221
0 0.821475 0.462174 0.024889 0.023102
0 0.163924 0.145740 0.023598 0.058976
0 0.475515 0.789790 0.017555 0.025916
0 0.604476 0.579758 0.027090 0.031070
0 0.565360 0.980362 0.015525 0.037785
0 0.750926 0.330185 0.017375 0.056015
0 0.831906 0.202627 0.027090 0.057811
0 0.128680 0.425645 0.027090 0.057811
0 0.177067 0.463877 0.027090 0.057811
0 0.897498 0.861488 0.027090 0.057811
