0 0.777902 0.399155 0.053403 0.053192
0 0.765125 0.784512 0.027599 0.078230
0 0.750995 0.304356 0.041659 0.148390
0 0.474909 0.608962 0.030325 0.064696
0 0.914617 0.210587 0.022228 0.024814
0 0.619378 0.942612 0.027177 0.028931
0 0.795702 0.942493 0.018775 0.028138
0 0.828753 0.498915 0.073279 0.099793
0 0.846139 0.018716 0.033123 0.037433
0 0.066315 0.272506 0.030325 0.053192
0 0.866315 0.622539 0.030325 0.053192
0 0.906100 0.656948 0.030325 0.053192
0 0.723304 0.939863 0.030325 0.053192
0 0.640508 0.266984 0.030325 0.053192
