0 0.719464 0.427227 0.032441 0.071385
0 0.807514 0.810085 0.054712 0.061690
0 0.803788 0.587619 0.031847 0.054056
0 0.458207 0.134790 0.028633 0.091237
0 0.779378 0.427297 0.030250 0.054052
0 0.625641 0.466188 0.023463 0.047314
0 0.506402 0.483276 0.030027 0.069707
0 0.659824 0.022922 0.042233 0.045844
0 0.859683 0.495618 0.020485 0.053144
0 0.496822 0.711402 0.014242 0.026932
0 0.590242 0.008549 0.039510 0.017097
0 0.586745 0.620415 0.030250 0.054052
0 0.601799 0.415875 0.030250 0.054052
0 0.692121 0.142518 0.030250 0.054052
0 0.668465 0.132960 0.030250 0.054052
0 0.757713 0.744668 0.030250 0.054052
