0 0.948815 0.054502 0.042254 0.075055
0 0.590629 0.368104 0.067230 0.064203
0 0.737762 0.281493 0.034397 0.091803
0 0.942759 0.528434 0.046306 0.043571
0 0.433439 0.418396 0.023462 0.058843
0 0.501925 0.484069 0.036702 0.048775
0 0.021461 0.083184 0.023631 0.069599
0 0.666115 0.615412 0.019652 0.045158
0 0.142256 0.487266 0.024505 0.087911
0 0.798952 0.639430 0.042758 0.043812
0 0.989356 0.639090 0.020370 0.058034
0 0.780698 0.295112 0.033967 0.039453
0 0.656574 0.734650 0.031955 0.059989
0 0.796690 0.448854 0.022517 0.071142
0 0.718815 0.931590 0.027351 0.050657
0 0.597003 0.561084 0.019337 0.074172
