0 0.336859 0.544369 0.048758 0.056971
0 0.816347 0.836244 0.044702 0.073763
0 0.428544 0.273981 0.048263 0.054819
0 0.645855 0.029707 0.030584 0.059414
0 0.681799 0.290911 0.036719 0.047620
0 0.791486 0.564488 0.022516 0.042051
0 0.585157 0.560053 0.022460 0.053427
0 0.406100 0.191157 0.036719 0.054819
0 0.462014 0.215371 0.036719 0.054819
0 0.393196 0.045239 0.036719 0.054819
0 0.786745 0.731500 0.036719 0.054819
0 0.941584 0.203901 0.036719 0.054819
0 0.375992 0.851930 0.036719 0.054819
0 0.022229 0.477258 0.036719 0.054819
0 0.045885 0.286099 0.036719 0.054819
