0 0.960503 0.652641 0.047567 0.118302
0 0.558665 0.820908 0.068955 0.064752
0 0.047181 0.621237 0.049759 0.047704
0 0.915794 0.515189 0.025195 0.045433
0 0.587409 0.566536 0.025286 0.043885
0 0.923499 0.442349 0.019545 0.040920
0 0.149247 0.851965 0.028927 0.078385
0 0.471627 0.951220 0.029443 0.053139
0 0.922134 0.760907 0.022075 0.019206
0 0.453202 0.463564 0.021775 0.034224
0 0.799986 0.201379 0.017532 0.029439
0 0.981785 0.446230 0.033846 0.087556
0 0.630711 0.547523 0.027107 0.046568
0 0.898453 0.134195 0.027107 0.046569
