0 0.265087 0.450485 0.026395 0.078520
0 0.495356 0.483418 0.037965 0.053540
0 0.468216 0.079420 0.040601 0.056291
0 0.137530 0.572862 0.036839 0.038200
0 0.255497 0.512341 0.024001 0.069478
0 0.935253 0.471991 0.034472 0.071730
0 0.677255 0.829233 0.020709 0.041912
0 0.815594 0.847935 0.049276 0.046210
0 0.461660 0.334340 0.017332 0.035430
0 0.653412 0.622964 0.034472 0.053540
0 0.978143 0.364475 0.034472 0.053540
0 0.674917 0.245956 0.034472 0.053540
0 0.443734 0.987653 0.034472 0.053540
0 0.499648 0.953244 0.034472 0.053540
0 0.256637 0.892073 0.034472 0.053540
