0 0.668024 0.759040 0.038166 0.047335
0 0.706936 0.221878 0.020397 0.024978
0 0.528194 0.119054 0.020927 0.044052
0 0.149440 0.879808 0.034562 0.033989
0 0.426005 0.315021 0.017041 0.023323
0 0.360818 0.337371 0.030083 0.024234
0 0.489561 0.212866 0.020076 0.057704
0 0.586745 0.192644 0.020927 0.033989
0 0.753412 0.129349 0.020927 0.033989
0 0.694272 0.819433 0.020927 0.033989
0 0.637283 0.484905 0.020927 0.033989
0 0.692121 0.482993 0.020927 0.033989
0 0.552336 0.595777 0.020927 0.033989
0 0.185670 0.391237 0.020927 0.033989
0 0.892121 0.232575 0.020927 0.033989
0 0.484594 0.823256 0.020927 0.033989
