0 0.533552 0.636151 0.084331 0.115094
0 0.797917 0.572114 0.061986 0.119270
0 0.861455 0.627807 0.043305 0.100431
0 0.751578 0.403969 0.071582 0.069702
0 0.577872 0.061559 0.018081 0.050971
0 0.860394 0.629172 0.043004 0.099513
0 0.621194 0.719457 0.030451 0.076623
0 0.349624 0.681133 0.035472 0.061988
0 0.987300 0.504450 0.019321 0.062334
0 0.776685 0.948668 0.018553 0.034967
0 0.613895 0.537828 0.020575 0.035917
0 0.428349 0.511986 0.032902 0.028774
0 0.533208 0.636825 0.083752 0.112424
0 0.603949 0.936040 0.035472 0.069702
0 0.530831 0.335801 0.035472 0.069702
0 0.327605 0.511667 0.035472 0.069702
0 0.966315 0.794157 0.035472 0.069702
