0 0.797323 0.819990 0.066048 0.079650
0 0.794597 0.061506 0.036859 0.085808
0 0.537232 0.069092 0.033523 0.062916
0 0.368421 0.397724 0.047175 0.048594
0 0.881873 0.628795 0.042720 0.048564
0 0.456207 0.099976 0.028416 0.053239
0 0.561137 0.791790 0.030843 0.029613
0 0.233276 0.771109 0.036068 0.050776
0 0.799700 0.946833 0.021249 0.070217
0 0.832640 0.179203 0.031300 0.031381
0 0.704832 0.203339 0.028339 0.048421
0 0.751912 0.013001 0.042407 0.025683
0 0.606513 0.334410 0.017973 0.043664
0 0.796174 0.541232 0.050251 0.051060
0 0.796068 0.541332 0.049290 0.051526
0 0.733416 0.460313 0.021845 0.028743
0 0.634353 0.185344 0.017827 0.055070
