0 0.563422 0.885709 0.043088 0.053346
0 0.582913 0.791809 0.063019 0.078799
0 0.401983 0.934281 0.055128 0.061813
0 0.856470 0.256284 0.025348 0.065737
0 0.737333 0.598805 0.037346 0.086054
0 0.711874 0.252680 0.077853 0.070397
0 0.528443 0.406361 0.037909 0.036216
0 0.653424 0.601974 0.057087 0.066163
0 0.716990 0.305215 0.052495 0.064874
0 0.405029 0.706694 0.069335 0.081720
0 0.434667 0.173667 0.023858 0.020240
0 0.746473 0.656439 0.064399 0.076501
0 0.778008 0.296166 0.044301 0.089369
0 0.048035 0.719393 0.052495 0.066163
0 0.350186 0.578573 0.052495 0.066163
0 0.655562 0.094941 0.052495 0.066163
