0 0.221866 0.377997 0.033535 0.034074
0 0.250255 0.486504 0.023394 0.082029
0 0.069623 0.827950 0.030859 0.044610
0 0.204042 0.503327 0.040832 0.044407
0 0.447127 0.267883 0.031379 0.037527
0 0.201440 0.914468 0.023307 0.053983
0 0.249344 0.168866 0.037954 0.055415
0 0.098271 0.445730 0.026921 0.045909
0 0.307521 0.494263 0.013935 0.036330
0 0.181906 0.691854 0.020430 0.029523
0 0.195347 0.798372 0.021505 0.045878
0 0.133519 0.894907 0.011828 0.021027
0 0.094272 0.978062 0.023656 0.026762
0 0.057713 0.354883 0.034409 0.049701
0 0.167390 0.488695 0.023656 0.030585
0 0.510938 0.030869 0.020430 0.028674
0 0.756637 0.031825 0.015054 0.022939
0 0.495347 0.741024 0.012903 0.015293
0 0.084057 0.101598 0.011828 0.043967
0 0.230293 0.743467 0.005376 0.028674
